CUST_NO.,XCOORD.,YCOORD.,DEMAND,READYTIME,DUEDATE,SERVICETIME
0,40,50,0,0,1236,0
1,45,68,10,912,967,90
2,45,70,30,825,870,90
3,42,66,10,65,146,90
4,42,68,10,727,782,90
5,42,65,10,15,67,90
6,40,69,20,621,702,90
7,40,66,20,170,225,90
8,38,68,20,255,324,90
9,38,70,10,534,605,90
10,35,66,10,357,410,90
11,35,69,10,448,505,90
12,25,85,20,652,721,90
13,22,75,30,30,92,90
14,22,85,10,567,620,90
15,20,80,40,384,429,90
16,20,85,40,475,528,90
17,18,75,20,99,148,90
18,15,75,20,179,254,90
19,15,80,10,278,345,90
20,30,50,10,10,73,90
21,30,52,20,914,965,90
22,28,52,20,812,883,90
23,28,55,10,732,777,90
24,25,50,10,65,144,90
25,25,52,40,169,224,90
26,25,55,10,622,701,90
27,23,52,10,261,316,90
28,23,55,20,546,593,90
29,20,50,10,358,405,90
30,20,55,10,449,504,90
31,10,35,20,200,237,90
32,10,40,30,31,100,90
33,8,40,40,87,158,90
34,8,45,20,751,816,90
35,5,35,10,283,344,90
36,5,45,10,665,716,90
37,2,40,20,383,434,90
38,0,40,30,479,522,90
39,0,45,20,567,624,90
40,35,30,10,264,321,90
41,35,32,10,166,235,90
42,33,32,20,68,149,90
43,33,35,10,16,80,90
44,32,30,10,359,412,90
45,30,30,10,541,600,90
46,30,32,30,448,509,90
47,30,35,10,1054,1127,90
48,28,30,10,632,693,90
49,28,35,10,1001,1066,90
50,26,32,10,815,880,90
51,25,30,10,725,786,90
52,25,35,10,912,969,90
53,44,5,20,286,347,90
54,42,10,40,186,257,90
55,42,15,10,95,158,90
56,40,5,30,385,436,90
57,40,15,40,35,87,90
58,38,5,30,471,534,90
59,38,15,10,651,740,90
60,35,5,20,562,629,90
61,50,30,10,531,610,90
62,50,35,20,262,317,90
63,50,40,50,171,218,90
64,48,30,10,632,693,90
65,48,40,10,76,129,90
66,47,35,10,826,875,90
67,47,40,10,12,77,90
68,45,30,10,734,777,90
69,45,35,10,916,969,90
70,95,30,30,387,456,90
71,95,35,20,293,360,90
72,53,30,10,450,505,90
73,92,30,10,478,551,90
74,53,35,50,353,412,90
75,45,65,20,997,1068,90
76,90,35,10,203,260,90
77,88,30,10,574,643,90
78,88,35,20,109,170,90
79,87,30,10,668,731,90
80,85,25,10,769,820,90
81,85,35,30,47,124,90
82,75,55,20,369,420,90
83,72,55,10,265,338,90
84,70,58,20,458,523,90
85,68,60,30,555,612,90
86,66,55,10,173,238,90
87,65,55,20,85,144,90
88,65,60,30,645,708,90
89,63,58,10,737,802,90
90,60,55,10,20,84,90
91,60,60,10,836,889,90
92,67,85,20,368,441,90
93,65,85,40,475,518,90
94,65,82,10,285,336,90
95,62,80,30,196,239,90
96,60,80,10,95,156,90
97,60,85,30,561,622,90
98,58,75,20,30,84,90
99,55,80,10,743,820,90
100,55,85,20,647,726,90
101,45,68,10,0,1127,90
102,45,70,30,0,1125,90
103,42,66,10,0,1129,90
104,42,68,10,727,782,90
105,42,65,10,0,1130,90
106,40,69,20,621,702,90
107,40,66,20,0,1130,90
108,38,68,20,255,324,90
109,38,70,10,534,605,90
110,35,66,10,357,410,90
111,35,69,10,448,505,90
112,25,85,20,0,1107,90
113,22,75,30,30,92,90
114,22,85,10,567,620,90
115,20,80,40,384,429,90
116,20,85,40,475,528,90
117,18,75,20,99,148,90
118,15,75,20,179,254,90
119,15,80,10,278,345,90
120,30,50,10,10,73,90
121,30,52,20,0,1135,90
122,28,52,20,812,883,90
123,28,55,10,732,777,90
124,25,50,10,65,144,90
125,25,52,40,169,224,90
126,25,55,10,0,1130,90
127,23,52,10,261,316,90
128,23,55,20,546,593,90
129,20,50,10,358,405,90
130,20,55,10,449,504,90
131,10,35,20,0,1112,90
132,10,40,30,31,100,90
133,8,40,40,87,158,90
134,8,45,20,0,1113,90
135,5,35,10,283,344,90
136,5,45,10,665,716,90
137,2,40,20,0,1106,90
138,0,40,30,479,522,90
139,0,45,20,567,624,90
140,35,30,10,264,321,90
141,35,32,10,166,235,90
142,33,32,20,68,149,90
143,33,35,10,16,80,90
144,32,30,10,359,412,90
145,30,30,10,541,600,90
146,30,32,30,448,509,90
147,30,35,10,1054,1127,90
148,28,30,10,0,1122,90
149,28,35,10,1001,1066,90
150,26,32,10,0,1123,90
151,25,30,10,725,786,90
152,25,35,10,0,1124,90
153,44,5,20,286,347,90
154,42,10,40,186,257,90
155,42,15,10,95,158,90
156,40,5,30,385,436,90
157,40,15,40,35,87,90
158,38,5,30,471,534,90
159,38,15,10,0,1110,90
160,35,5,20,562,629,90
161,50,30,10,531,610,90
162,50,35,20,262,317,90
163,50,40,50,171,218,90
164,48,30,10,632,693,90
165,48,40,10,76,129,90
166,47,35,10,826,875,90
167,47,40,10,12,77,90
168,45,30,10,734,777,90
169,45,35,10,916,969,90
170,95,30,30,387,456,90
171,95,35,20,293,360,90
172,53,30,10,0,1122,90
173,92,30,10,478,551,90
174,53,35,50,353,412,90
175,45,65,20,0,1130,90
176,90,35,10,203,260,90
177,88,30,10,574,643,90
178,88,35,20,109,170,90
179,87,30,10,668,731,90
180,85,25,10,769,820,90
181,85,35,30,47,124,90
182,75,55,20,0,1110,90
183,72,55,10,0,1113,90
184,70,58,20,458,523,90
185,68,60,30,0,1116,90
186,66,55,10,173,238,90
187,65,55,20,85,144,90
188,65,60,30,645,708,90
189,63,58,10,737,802,90
190,60,55,10,20,84,90
191,60,60,10,0,1123,90
192,67,85,20,368,441,90
193,65,85,40,475,518,90
194,65,82,10,0,1105,90
195,62,80,30,0,1108,90
196,60,80,10,0,1109,90
197,60,85,30,561,622,90
198,58,75,20,0,1115,90
199,55,80,10,743,820,90
200,55,85,20,647,726,90
201,45,68,10,0,1127,90
202,45,70,30,0,1125,90
203,42,66,10,0,1129,90
204,42,68,10,727,782,90
205,42,65,10,0,1130,90
206,40,69,20,621,702,90
207,40,66,20,0,1130,90
208,38,68,20,255,324,90
209,38,70,10,534,605,90
210,35,66,10,357,410,90
211,35,69,10,448,505,90
212,25,85,20,0,1107,90
213,22,75,30,30,92,90
214,22,85,10,0,1106,90
215,20,80,40,384,429,90
216,20,85,40,0,1105,90
217,18,75,20,99,148,90
218,15,75,20,0,1110,90
219,15,80,10,0,1106,90
220,30,50,10,0,1136,90
221,30,52,20,0,1135,90
222,28,52,20,812,883,90
223,28,55,10,732,777,90
224,25,50,10,0,1131,90
225,25,52,40,169,224,90
226,25,55,10,0,1130,90
227,23,52,10,261,316,90
228,23,55,20,0,1128,90
229,20,50,10,0,1126,90
230,20,55,10,449,504,90
231,10,35,20,0,1112,90
232,10,40,30,0,1114,90
233,8,40,40,87,158,90
234,8,45,20,0,1113,90
235,5,35,10,283,344,90
236,5,45,10,665,716,90
237,2,40,20,0,1106,90
238,0,40,30,479,522,90
239,0,45,20,567,624,90
240,35,30,10,264,321,90
241,35,32,10,166,235,90
242,33,32,20,68,149,90
243,33,35,10,0,1129,90
244,32,30,10,359,412,90
245,30,30,10,541,600,90
246,30,32,30,0,1125,90
247,30,35,10,0,1127,90
248,28,30,10,0,1122,90
249,28,35,10,1001,1066,90
250,26,32,10,0,1123,90
251,25,30,10,0,1121,90
252,25,35,10,0,1124,90
253,44,5,20,286,347,90
254,42,10,40,0,1105,90
255,42,15,10,95,158,90
256,40,5,30,385,436,90
257,40,15,40,0,1111,90
258,38,5,30,471,534,90
259,38,15,10,0,1110,90
260,35,5,20,0,1100,90
261,50,30,10,0,1123,90
262,50,35,20,262,317,90
263,50,40,50,0,1131,90
264,48,30,10,632,693,90
265,48,40,10,76,129,90
266,47,35,10,826,875,90
267,47,40,10,12,77,90
268,45,30,10,734,777,90
269,45,35,10,916,969,90
270,95,30,30,387,456,90
271,95,35,20,0,1088,90
272,53,30,10,0,1122,90
273,92,30,10,0,1090,90
274,53,35,50,353,412,90
275,45,65,20,0,1130,90
276,90,35,10,203,260,90
277,88,30,10,574,643,90
278,88,35,20,109,170,90
279,87,30,10,668,731,90
280,85,25,10,769,820,90
281,85,35,30,0,1098,90
282,75,55,20,0,1110,90
283,72,55,10,0,1113,90
284,70,58,20,458,523,90
285,68,60,30,0,1116,90
286,66,55,10,0,1119,90
287,65,55,20,85,144,90
288,65,60,30,645,708,90
289,63,58,10,0,1121,90
290,60,55,10,0,1125,90
291,60,60,10,0,1123,90
292,67,85,20,368,441,90
293,65,85,40,475,518,90
294,65,82,10,0,1105,90
295,62,80,30,0,1108,90
296,60,80,10,0,1109,90
297,60,85,30,0,1105,90
298,58,75,20,0,1115,90
299,55,80,10,743,820,90
300,55,85,20,647,726,90
301,45,68,10,0,1127,90
302,45,70,30,0,1125,90
303,42,66,10,0,1129,90
304,42,68,10,727,782,90
305,42,65,10,0,1130,90
306,40,69,20,0,1127,90
307,40,66,20,0,1130,90
308,38,68,20,255,324,90
309,38,70,10,534,605,90
310,35,66,10,0,1129,90
311,35,69,10,448,505,90
312,25,85,20,0,1107,90
313,22,75,30,30,92,90
314,22,85,10,0,1106,90
315,20,80,40,384,429,90
316,20,85,40,0,1105,90
317,18,75,20,0,1112,90
318,15,75,20,0,1110,90
319,15,80,10,0,1106,90
320,30,50,10,0,1136,90
321,30,52,20,0,1135,90
322,28,52,20,0,1133,90
323,28,55,10,732,777,90
324,25,50,10,0,1131,90
325,25,52,40,169,224,90
326,25,55,10,0,1130,90
327,23,52,10,0,1128,90
328,23,55,20,0,1128,90
329,20,50,10,0,1126,90
330,20,55,10,0,1125,90
331,10,35,20,0,1112,90
332,10,40,30,0,1114,90
333,8,40,40,0,1112,90
334,8,45,20,0,1113,90
335,5,35,10,0,1107,90
336,5,45,10,0,1110,90
337,2,40,20,0,1106,90
338,0,40,30,479,522,90
339,0,45,20,0,1105,90
340,35,30,10,0,1125,90
341,35,32,10,0,1127,90
342,33,32,20,0,1126,90
343,33,35,10,0,1129,90
344,32,30,10,359,412,90
345,30,30,10,0,1123,90
346,30,32,30,0,1125,90
347,30,35,10,0,1127,90
348,28,30,10,0,1122,90
349,28,35,10,0,1126,90
350,26,32,10,0,1123,90
351,25,30,10,0,1121,90
352,25,35,10,0,1124,90
353,44,5,20,286,347,90
354,42,10,40,0,1105,90
355,42,15,10,95,158,90
356,40,5,30,0,1101,90
357,40,15,40,0,1111,90
358,38,5,30,471,534,90
359,38,15,10,0,1110,90
360,35,5,20,0,1100,90
361,50,30,10,0,1123,90
362,50,35,20,262,317,90
363,50,40,50,0,1131,90
364,48,30,10,0,1124,90
365,48,40,10,0,1133,90
366,47,35,10,0,1129,90
367,47,40,10,12,77,90
368,45,30,10,0,1125,90
369,45,35,10,916,969,90
370,95,30,30,0,1087,90
371,95,35,20,0,1088,90
372,53,30,10,0,1122,90
373,92,30,10,0,1090,90
374,53,35,50,353,412,90
375,45,65,20,0,1130,90
376,90,35,10,203,260,90
377,88,30,10,574,643,90
378,88,35,20,0,1095,90
379,87,30,10,668,731,90
380,85,25,10,0,1094,90
381,85,35,30,0,1098,90
382,75,55,20,0,1110,90
383,72,55,10,0,1113,90
384,70,58,20,458,523,90
385,68,60,30,0,1116,90
386,66,55,10,0,1119,90
387,65,55,20,85,144,90
388,65,60,30,0,1119,90
389,63,58,10,0,1121,90
390,60,55,10,0,1125,90
391,60,60,10,0,1123,90
392,67,85,20,368,441,90
393,65,85,40,0,1102,90
394,65,82,10,0,1105,90
395,62,80,30,0,1108,90
396,60,80,10,0,1109,90
397,60,85,30,0,1105,90
398,58,75,20,0,1115,90
399,55,80,10,743,820,90
400,55,85,20,647,726,90
401,45,68,10,885,994,90
402,45,70,30,802,893,90
403,42,66,10,25,186,90
404,42,68,10,699,810,90
405,42,65,10,15,120,90
406,40,69,20,580,743,90
407,40,66,20,142,253,90
408,38,68,20,220,359,90
409,38,70,10,499,640,90
410,35,66,10,331,436,90
411,35,69,10,420,533,90
412,25,85,20,617,756,90
413,22,75,30,30,155,90
414,22,85,10,541,646,90
415,20,80,40,362,451,90
416,20,85,40,448,555,90
417,18,75,20,75,172,90
418,15,75,20,142,291,90
419,15,80,10,244,379,90
420,30,50,10,10,137,90
421,30,52,20,888,991,90
422,28,52,20,776,919,90
423,28,55,10,709,800,90
424,25,50,10,25,184,90
425,25,52,40,142,251,90
426,25,55,10,582,741,90
427,23,52,10,234,343,90
428,23,55,20,523,616,90
429,20,50,10,335,428,90
430,20,55,10,422,531,90
431,10,35,20,181,256,90
432,10,40,30,31,170,90
433,8,40,40,52,193,90
434,8,45,20,719,848,90
435,5,35,10,252,375,90
436,5,45,10,639,742,90
437,2,40,20,357,460,90
438,0,40,30,457,544,90
439,0,45,20,538,653,90
440,35,30,10,236,349,90
441,35,32,10,132,269,90
442,33,32,20,27,190,90
443,33,35,10,16,144,90
444,32,30,10,332,439,90
445,30,30,10,512,629,90
446,30,32,30,417,540,90
447,30,35,10,982,1127,90
448,28,30,10,601,724,90
449,28,35,10,969,1098,90
450,26,32,10,783,912,90
451,25,30,10,695,816,90
452,25,35,10,883,998,90
453,44,5,20,255,378,90
454,42,10,40,150,293,90
455,42,15,10,63,190,90
456,40,5,30,359,462,90
457,40,15,40,35,140,90
458,38,5,30,439,566,90
459,38,15,10,607,784,90
460,35,5,20,529,662,90
461,50,30,10,491,650,90
462,50,35,20,235,344,90
463,50,40,50,147,242,90
464,48,30,10,601,724,90
465,48,40,10,50,155,90
466,47,35,10,802,899,90
467,47,40,10,12,143,90
468,45,30,10,712,799,90
469,45,35,10,889,996,90
470,95,30,30,353,490,90
471,95,35,20,260,393,90
472,53,30,10,422,533,90
473,92,30,10,442,587,90
474,53,35,50,323,442,90
475,45,65,20,962,1103,90
476,90,35,10,175,288,90
477,88,30,10,539,678,90
478,88,35,20,78,201,90
479,87,30,10,636,763,90
480,85,25,10,744,845,90
481,85,35,30,47,201,90
482,75,55,20,344,445,90
483,72,55,10,228,375,90
484,70,58,20,425,556,90
485,68,60,30,527,640,90
486,66,55,10,141,270,90
487,65,55,20,56,173,90
488,65,60,30,614,739,90
489,63,58,10,705,834,90
490,60,55,10,20,148,90
491,60,60,10,809,916,90
492,67,85,20,331,478,90
493,65,85,40,453,540,90
494,65,82,10,260,361,90
495,62,80,30,174,261,90
496,60,80,10,64,187,90
497,60,85,30,531,652,90
498,58,75,20,30,139,90
499,55,80,10,705,858,90
500,55,85,20,608,765,90
501,45,68,10,890,989,90
502,45,70,30,816,879,90
503,42,66,10,55,156,90
504,42,68,10,703,806,90
505,42,65,10,15,60,90
506,40,69,20,559,764,90
507,40,66,20,172,223,90
508,38,68,20,250,329,90
509,38,70,10,489,650,90
510,35,66,10,361,406,90
511,35,69,10,450,503,90
512,25,85,20,647,726,90
513,22,75,30,30,95,90
514,22,85,10,571,616,90
515,20,80,40,392,421,90
516,20,85,40,478,525,90
517,18,75,20,105,142,90
518,15,75,20,172,261,90
519,15,80,10,274,349,90
520,30,50,10,10,77,90
521,30,52,20,918,961,90
522,28,52,20,806,889,90
523,28,55,10,739,770,90
524,25,50,10,55,154,90
525,25,52,40,172,221,90
526,25,55,10,612,711,90
527,23,52,10,264,313,90
528,23,55,20,553,586,90
529,20,50,10,365,398,90
530,20,55,10,452,501,90
531,10,35,20,204,233,90
532,10,40,30,31,189,90
533,8,40,40,42,203,90
534,8,45,20,715,852,90
535,5,35,10,251,376,90
536,5,45,10,648,733,90
537,2,40,20,365,452,90
538,0,40,30,474,527,90
539,0,45,20,541,650,90
540,35,30,10,240,345,90
541,35,32,10,123,278,90
542,33,32,20,19,225,90
543,33,35,10,16,153,90
544,32,30,10,338,433,90
545,30,30,10,513,628,90
546,30,32,30,415,542,90
547,30,35,10,872,1127,90
548,28,30,10,599,726,90
549,28,35,10,917,1126,90
550,26,32,10,779,916,90
551,25,30,10,695,816,90
552,25,35,10,857,1024,90
553,44,5,20,221,412,90
554,42,10,40,96,347,90
555,42,15,10,35,233,90
556,40,5,30,347,474,90
557,40,15,40,35,172,90
558,38,5,30,403,602,90
559,38,15,10,521,870,90
560,35,5,20,487,704,90
561,50,30,10,422,719,90
562,50,35,20,217,362,90
563,50,40,50,142,247,90
564,48,30,10,567,758,90
565,48,40,10,34,171,90
566,47,35,10,794,907,90
567,47,40,10,12,226,90
568,45,30,10,716,795,90
569,45,35,10,873,1012,90
570,95,30,30,266,577,90
571,95,35,20,181,472,90
572,53,30,10,402,553,90
573,92,30,10,345,684,90
574,53,35,50,294,471,90
575,45,65,20,951,1114,90
576,90,35,10,153,310,90
577,88,30,10,450,767,90
578,88,35,20,50,237,90
579,87,30,10,567,832,90
580,85,25,10,713,876,90
581,85,35,30,47,331,90
582,75,55,20,311,478,90
583,72,55,10,127,476,90
584,70,58,20,349,632,90
585,68,60,30,476,691,90
586,66,55,10,67,344,90
587,65,55,20,25,256,90
588,65,60,30,546,807,90
589,63,58,10,630,909,90
590,60,55,10,20,293,90
591,60,60,10,769,956,90
592,67,85,20,229,580,90
593,65,85,40,442,551,90
594,65,82,10,227,394,90
595,62,80,30,163,272,90
596,60,80,10,36,291,90
597,60,85,30,469,714,90
598,58,75,20,30,227,90
599,55,80,10,595,968,90
600,55,85,20,493,880,90
601,45,68,10,850,1030,90
602,45,70,30,758,938,90
603,42,66,10,16,196,90
604,42,68,10,665,845,90
605,42,65,10,15,195,90
606,40,69,20,572,752,90
607,40,66,20,108,288,90
608,38,68,20,200,380,90
609,38,70,10,480,660,90
610,35,66,10,294,474,90
611,35,69,10,387,567,90
612,25,85,20,597,777,90
613,22,75,30,30,210,90
614,22,85,10,504,684,90
615,20,80,40,317,497,90
616,20,85,40,412,592,90
617,18,75,20,34,214,90
618,15,75,20,127,307,90
619,15,80,10,222,402,90
620,30,50,10,10,190,90
621,30,52,20,850,1030,90
622,28,52,20,758,938,90
623,28,55,10,665,845,90
624,25,50,10,15,195,90
625,25,52,40,107,287,90
626,25,55,10,572,752,90
627,23,52,10,199,379,90
628,23,55,20,480,660,90
629,20,50,10,292,472,90
630,20,55,10,387,567,90
631,10,35,20,129,309,90
632,10,40,30,31,211,90
633,8,40,40,33,213,90
634,8,45,20,694,874,90
635,5,35,10,224,404,90
636,5,45,10,601,781,90
637,2,40,20,319,499,90
638,0,40,30,411,591,90
639,0,45,20,506,686,90
640,35,30,10,203,383,90
641,35,32,10,111,291,90
642,33,32,20,19,199,90
643,33,35,10,16,196,90
644,32,30,10,296,476,90
645,30,30,10,481,661,90
646,30,32,30,389,569,90
647,30,35,10,947,1127,90
648,28,30,10,573,753,90
649,28,35,10,944,1124,90
650,26,32,10,758,938,90
651,25,30,10,666,846,90
652,25,35,10,851,1031,90
653,44,5,20,227,407,90
654,42,10,40,132,312,90
655,42,15,10,37,217,90
656,40,5,30,321,501,90
657,40,15,40,35,215,90
658,38,5,30,413,593,90
659,38,15,10,606,786,90
660,35,5,20,506,686,90
661,50,30,10,481,661,90
662,50,35,20,200,380,90
663,50,40,50,105,285,90
664,48,30,10,573,753,90
665,48,40,10,13,193,90
666,47,35,10,761,941,90
667,47,40,10,12,192,90
668,45,30,10,666,846,90
669,45,35,10,853,1033,90
670,95,30,30,332,512,90
671,95,35,20,237,417,90
672,53,30,10,388,568,90
673,92,30,10,425,605,90
674,53,35,50,293,473,90
675,45,65,20,943,1123,90
676,90,35,10,142,322,90
677,88,30,10,519,699,90
678,88,35,20,50,230,90
679,87,30,10,610,790,90
680,85,25,10,705,885,90
681,85,35,30,47,227,90
682,75,55,20,305,485,90
683,72,55,10,212,392,90
684,70,58,20,401,581,90
685,68,60,30,494,674,90
686,66,55,10,116,296,90
687,65,55,20,25,205,90
688,65,60,30,587,767,90
689,63,58,10,680,860,90
690,60,55,10,20,200,90
691,60,60,10,773,953,90
692,67,85,20,315,495,90
693,65,85,40,407,587,90
694,65,82,10,221,401,90
695,62,80,30,128,308,90
696,60,80,10,36,216,90
697,60,85,30,502,682,90
698,58,75,20,30,210,90
699,55,80,10,692,872,90
700,55,85,20,597,777,90
701,45,68,10,830,1049,90
702,45,70,30,756,939,90
703,42,66,10,16,336,90
704,42,68,10,643,866,90
705,42,65,10,15,226,90
706,40,69,20,499,824,90
707,40,66,20,87,308,90
708,38,68,20,150,429,90
709,38,70,10,429,710,90
710,35,66,10,279,488,90
711,35,69,10,363,590,90
712,25,85,20,547,826,90
713,22,75,30,30,280,90
714,22,85,10,489,698,90
715,20,80,40,318,495,90
716,20,85,40,394,609,90
717,18,75,20,33,226,90
718,15,75,20,68,365,90
719,15,80,10,176,447,90
720,30,50,10,10,265,90
721,30,52,20,836,1043,90
722,28,52,20,704,991,90
723,28,55,10,664,845,90
724,25,50,10,15,333,90
725,25,52,40,88,305,90
726,25,55,10,502,821,90
727,23,52,10,179,398,90
728,23,55,20,476,663,90
729,20,50,10,288,475,90
730,20,55,10,368,585,90
731,10,35,20,144,293,90
732,10,40,30,31,309,90
733,8,40,40,33,313,90
734,8,45,20,655,912,90
735,5,35,10,191,436,90
736,5,45,10,588,793,90
737,2,40,20,305,512,90
738,0,40,30,414,587,90
739,0,45,20,481,710,90
740,35,30,10,180,405,90
741,35,32,10,63,338,90
742,33,32,20,19,345,90
743,33,35,10,16,273,90
744,32,30,10,278,493,90
745,30,30,10,453,688,90
746,30,32,30,355,602,90
747,30,35,10,837,1127,90
748,28,30,10,539,786,90
749,28,35,10,867,1126,90
750,26,32,10,719,976,90
751,25,30,10,635,876,90
752,25,35,10,825,1056,90
753,44,5,20,193,440,90
754,42,10,40,78,365,90
755,42,15,10,35,287,90
756,40,5,30,308,513,90
757,40,15,40,35,246,90
758,38,5,30,376,629,90
759,38,15,10,519,872,90
760,35,5,20,463,728,90
761,50,30,10,412,729,90
762,50,35,20,181,398,90
763,50,40,50,100,289,90
764,48,30,10,539,786,90
765,48,40,10,12,223,90
766,47,35,10,753,948,90
767,47,40,10,12,275,90
768,45,30,10,669,842,90
769,45,35,10,836,1049,90
770,95,30,30,284,559,90
771,95,35,20,194,459,90
772,53,30,10,367,588,90
773,92,30,10,370,659,90
774,53,35,50,263,502,90
775,45,65,20,847,1130,90
776,90,35,10,119,344,90
777,88,30,10,469,748,90
778,88,35,20,50,295,90
779,87,30,10,573,826,90
780,85,25,10,694,895,90
781,85,35,30,47,356,90
782,75,55,20,293,496,90
783,72,55,10,154,449,90
784,70,58,20,360,621,90
785,68,60,30,470,697,90
786,66,55,10,76,335,90
787,65,55,20,25,260,90
788,65,60,30,551,802,90
789,63,58,10,640,899,90
790,60,55,10,20,276,90
791,60,60,10,756,969,90
792,67,85,20,257,552,90
793,65,85,40,409,584,90
794,65,82,10,209,412,90
795,62,80,30,130,305,90
796,60,80,10,36,283,90
797,60,85,30,470,713,90
798,58,75,20,30,248,90
799,55,80,10,628,935,90
800,55,85,20,530,843,90
801,45,68,10,760,1120,90
802,45,70,30,668,1028,90
803,42,66,10,16,376,90
804,42,68,10,575,935,90
805,42,65,10,15,375,90
806,40,69,20,482,842,90
807,40,66,20,18,378,90
808,38,68,20,110,470,90
809,38,70,10,390,750,90
810,35,66,10,204,564,90
811,35,69,10,297,657,90
812,25,85,20,507,867,90
813,22,75,30,30,390,90
814,22,85,10,414,774,90
815,20,80,40,227,587,90
816,20,85,40,322,682,90
817,18,75,20,33,393,90
818,15,75,20,37,397,90
819,15,80,10,132,492,90
820,30,50,10,10,370,90
821,30,52,20,760,1120,90
822,28,52,20,668,1028,90
823,28,55,10,575,935,90
824,25,50,10,15,375,90
825,25,52,40,17,377,90
826,25,55,10,482,842,90
827,23,52,10,109,469,90
828,23,55,20,390,750,90
829,20,50,10,202,562,90
830,20,55,10,297,657,90
831,10,35,20,39,399,90
832,10,40,30,31,391,90
833,8,40,40,33,393,90
834,8,45,20,604,964,90
835,5,35,10,134,494,90
836,5,45,10,511,871,90
837,2,40,20,229,589,90
838,0,40,30,321,681,90
839,0,45,20,416,776,90
840,35,30,10,113,473,90
841,35,32,10,21,381,90
842,33,32,20,19,379,90
843,33,35,10,16,376,90
844,32,30,10,206,566,90
845,30,30,10,391,751,90
846,30,32,30,299,659,90
847,30,35,10,767,1127,90
848,28,30,10,483,843,90
849,28,35,10,766,1126,90
850,26,32,10,668,1028,90
851,25,30,10,576,936,90
852,25,35,10,761,1121,90
853,44,5,20,137,497,90
854,42,10,40,42,402,90
855,42,15,10,35,395,90
856,40,5,30,231,591,90
857,40,15,40,35,395,90
858,38,5,30,323,683,90
859,38,15,10,516,876,90
860,35,5,20,416,776,90
861,50,30,10,391,751,90
862,50,35,20,110,470,90
863,50,40,50,15,375,90
864,48,30,10,483,843,90
865,48,40,10,12,372,90
866,47,35,10,671,1031,90
867,47,40,10,12,372,90
868,45,30,10,576,936,90
869,45,35,10,763,1123,90
870,95,30,30,242,602,90
871,95,35,20,147,507,90
872,53,30,10,298,658,90
873,92,30,10,335,695,90
874,53,35,50,203,563,90
875,45,65,20,770,1130,90
876,90,35,10,52,412,90
877,88,30,10,429,789,90
878,88,35,20,50,410,90
879,87,30,10,520,880,90
880,85,25,10,615,975,90
881,85,35,30,47,407,90
882,75,55,20,215,575,90
883,72,55,10,122,482,90
884,70,58,20,311,671,90
885,68,60,30,404,764,90
886,66,55,10,26,386,90
887,65,55,20,25,385,90
888,65,60,30,497,857,90
889,63,58,10,590,950,90
890,60,55,10,20,380,90
891,60,60,10,683,1043,90
892,67,85,20,225,585,90
893,65,85,40,317,677,90
894,65,82,10,131,491,90
895,62,80,30,38,398,90
896,60,80,10,36,396,90
897,60,85,30,412,772,90
898,58,75,20,30,390,90
899,55,80,10,602,962,90
900,55,85,20,507,867,90
901,52,75,10,311,471,90
902,45,70,30,213,373,90
903,62,69,10,1167,1327,90
904,60,66,10,1261,1421,90
905,42,65,10,25,185,90
906,16,42,20,497,657,90
907,58,70,20,1073,1233,90
908,34,60,20,2887,3047,90
909,28,70,10,2601,2761,90
910,35,66,10,2791,2951,90
911,35,69,10,2698,2858,90
912,25,85,20,2119,2279,90
913,22,75,30,2405,2565,90
914,22,85,10,2026,2186,90
915,20,80,40,2216,2376,90
916,20,85,40,1934,2094,90
917,18,75,20,2311,2471,90
918,15,75,20,1742,1902,90
919,15,80,10,1837,1997,90
920,30,50,10,10,170,90
921,30,56,20,2983,3143,90
922,28,52,20,22,182,90
923,14,66,10,1643,1803,90
924,25,50,10,116,276,90
925,22,66,40,2504,2664,90
926,8,62,10,1545,1705,90
927,23,52,10,209,369,90
928,4,55,20,1447,1607,90
929,20,50,10,398,558,90
930,20,55,10,303,463,90
931,10,35,20,781,941,90
932,10,40,30,593,753,90
933,8,40,40,685,845,90
934,8,45,20,1346,1506,90
935,5,35,10,876,1036,90
936,5,45,10,1253,1413,90
937,2,40,20,971,1131,90
938,0,40,30,1063,1223,90
939,0,45,20,1158,1318,90
940,36,18,10,1819,1979,90
941,35,32,10,2758,2918,90
942,33,32,20,2666,2826,90
943,33,35,10,2573,2733,90
944,32,20,10,1913,2073,90
945,30,30,10,2105,2265,90
946,34,25,30,2009,2169,90
947,30,35,10,2480,2640,90
948,36,40,10,2856,3016,90
949,48,20,10,967,1127,90
950,26,32,10,2292,2452,90
951,25,30,10,2200,2360,90
952,25,35,10,2385,2545,90
953,44,5,20,1256,1416,90
954,42,10,40,1160,1320,90
955,42,15,10,1065,1225,90
956,40,5,30,1350,1510,90
957,38,15,40,1725,1885,90
958,38,5,30,1442,1602,90
959,38,10,10,1630,1790,90
960,35,5,20,1535,1695,90
961,50,30,10,401,561,90
962,50,35,20,120,280,90
963,50,40,50,25,185,90
964,48,30,10,493,653,90
965,44,25,10,871,1031,90
966,47,35,10,588,748,90
967,47,40,10,12,172,90
968,42,30,10,776,936,90
969,45,35,10,680,840,90
970,95,30,30,2321,2481,90
971,95,35,20,2226,2386,90
972,53,30,10,308,468,90
973,92,30,10,2414,2574,90
974,53,35,50,213,373,90
975,45,65,20,118,278,90
976,90,35,10,2131,2291,90
977,72,45,10,2900,3060,90
978,78,40,20,2802,2962,90
979,87,30,10,2608,2768,90
980,85,25,10,2513,2673,90
981,85,35,30,2703,2863,90
982,75,55,20,1925,2085,90
983,72,55,10,1832,1992,90
984,70,58,20,1641,1801,90
985,86,46,30,2029,2189,90
986,66,55,10,1736,1896,90
987,64,46,20,3097,3257,90
988,65,60,30,1546,1706,90
989,56,64,10,1355,1515,90
990,60,55,10,3119,3279,90
991,60,60,10,1451,1611,90
992,67,85,20,694,854,90
993,42,58,40,8,168,90
994,65,82,10,788,948,90
995,62,80,30,881,1041,90
996,62,40,10,3001,3161,90
997,60,85,30,597,757,90
998,58,75,20,978,1138,90
999,55,80,10,407,567,90
1000,55,85,20,502,662,90
1001,52,75,10,0,3272,90
1002,45,70,30,0,3279,90
1003,62,69,10,0,3270,90
1004,60,66,10,1261,1421,90
1005,42,65,10,0,3284,90
1006,16,42,20,497,657,90
1007,58,70,20,0,3273,90
1008,34,60,20,2887,3047,90
1009,28,70,10,2601,2761,90
1010,35,66,10,2791,2951,90
1011,35,69,10,2698,2858,90
1012,25,85,20,0,3261,90
1013,22,75,30,2405,2565,90
1014,22,85,10,2026,2186,90
1015,20,80,40,2216,2376,90
1016,20,85,40,1934,2094,90
1017,18,75,20,2311,2471,90
1018,15,75,20,1742,1902,90
1019,15,80,10,1837,1997,90
1020,30,50,10,10,170,90
1021,30,56,20,0,3288,90
1022,28,52,20,22,182,90
1023,14,66,10,1643,1803,90
1024,25,50,10,116,276,90
1025,22,66,40,2504,2664,90
1026,8,62,10,0,3265,90
1027,23,52,10,209,369,90
1028,4,55,20,1447,1607,90
1029,20,50,10,398,558,90
1030,20,55,10,303,463,90
1031,10,35,20,0,3266,90
1032,10,40,30,593,753,90
1033,8,40,40,685,845,90
1034,8,45,20,0,3267,90
1035,5,35,10,876,1036,90
1036,5,45,10,1253,1413,90
1037,2,40,20,0,3260,90
1038,0,40,30,1063,1223,90
1039,0,45,20,1158,1318,90
1040,36,18,10,1819,1979,90
1041,35,32,10,2758,2918,90
1042,33,32,20,2666,2826,90
1043,33,35,10,2573,2733,90
1044,32,20,10,1913,2073,90
1045,30,30,10,2105,2265,90
1046,34,25,30,2009,2169,90
1047,30,35,10,2480,2640,90
1048,36,40,10,0,3289,90
1049,48,20,10,967,1127,90
1050,26,32,10,0,3277,90
1051,25,30,10,2200,2360,90
1052,25,35,10,0,3278,90
1053,44,5,20,1256,1416,90
1054,42,10,40,1160,1320,90
1055,42,15,10,1065,1225,90
1056,40,5,30,1350,1510,90
1057,38,15,40,1725,1885,90
1058,38,5,30,1442,1602,90
1059,38,10,10,0,3259,90
1060,35,5,20,1535,1695,90
1061,50,30,10,401,561,90
1062,50,35,20,120,280,90
1063,50,40,50,25,185,90
1064,48,30,10,493,653,90
1065,44,25,10,871,1031,90
1066,47,35,10,588,748,90
1067,47,40,10,12,172,90
1068,42,30,10,776,936,90
1069,45,35,10,680,840,90
1070,95,30,30,2321,2481,90
1071,95,35,20,2226,2386,90
1072,53,30,10,0,3276,90
1073,92,30,10,2414,2574,90
1074,53,35,50,213,373,90
1075,45,65,20,0,3284,90
1076,90,35,10,2131,2291,90
1077,72,45,10,2900,3060,90
1078,78,40,20,2802,2962,90
1079,87,30,10,2608,2768,90
1080,85,25,10,2513,2673,90
1081,85,35,30,2703,2863,90
1082,75,55,20,0,3264,90
1083,72,55,10,0,3267,90
1084,70,58,20,1641,1801,90
1085,86,46,30,0,3253,90
1086,66,55,10,1736,1896,90
1087,64,46,20,3097,3257,90
1088,65,60,30,1546,1706,90
1089,56,64,10,1355,1515,90
1090,60,55,10,3119,3279,90
1091,60,60,10,0,3277,90
1092,67,85,20,694,854,90
1093,42,58,40,8,168,90
1094,65,82,10,0,3259,90
1095,62,80,30,0,3262,90
1096,62,40,10,0,3275,90
1097,60,85,30,597,757,90
1098,58,75,20,0,3269,90
1099,55,80,10,407,567,90
1100,55,85,20,502,662,90
1101,52,75,10,0,3272,90
1102,45,70,30,0,3279,90
1103,62,69,10,0,3270,90
1104,60,66,10,1261,1421,90
1105,42,65,10,0,3284,90
1106,16,42,20,497,657,90
1107,58,70,20,0,3273,90
1108,34,60,20,2887,3047,90
1109,28,70,10,2601,2761,90
1110,35,66,10,2791,2951,90
1111,35,69,10,2698,2858,90
1112,25,85,20,0,3261,90
1113,22,75,30,2405,2565,90
1114,22,85,10,0,3260,90
1115,20,80,40,2216,2376,90
1116,20,85,40,0,3259,90
1117,18,75,20,2311,2471,90
1118,15,75,20,0,3264,90
1119,15,80,10,0,3260,90
1120,30,50,10,0,3290,90
1121,30,56,20,0,3288,90
1122,28,52,20,22,182,90
1123,14,66,10,1643,1803,90
1124,25,50,10,0,3285,90
1125,22,66,40,2504,2664,90
1126,8,62,10,0,3265,90
1127,23,52,10,209,369,90
1128,4,55,20,0,3263,90
1129,20,50,10,0,3280,90
1130,20,55,10,303,463,90
1131,10,35,20,0,3266,90
1132,10,40,30,0,3268,90
1133,8,40,40,685,845,90
1134,8,45,20,0,3267,90
1135,5,35,10,876,1036,90
1136,5,45,10,1253,1413,90
1137,2,40,20,0,3260,90
1138,0,40,30,1063,1223,90
1139,0,45,20,1158,1318,90
1140,36,18,10,1819,1979,90
1141,35,32,10,2758,2918,90
1142,33,32,20,2666,2826,90
1143,33,35,10,0,3283,90
1144,32,20,10,1913,2073,90
1145,30,30,10,2105,2265,90
1146,34,25,30,0,3274,90
1147,30,35,10,0,3281,90
1148,36,40,10,0,3289,90
1149,48,20,10,967,1127,90
1150,26,32,10,0,3277,90
1151,25,30,10,0,3275,90
1152,25,35,10,0,3278,90
1153,44,5,20,1256,1416,90
1154,42,10,40,0,3259,90
1155,42,15,10,1065,1225,90
1156,40,5,30,1350,1510,90
1157,38,15,40,0,3264,90
1158,38,5,30,1442,1602,90
1159,38,10,10,0,3259,90
1160,35,5,20,0,3254,90
1161,50,30,10,0,3277,90
1162,50,35,20,120,280,90
1163,50,40,50,0,3285,90
1164,48,30,10,493,653,90
1165,44,25,10,871,1031,90
1166,47,35,10,588,748,90
1167,47,40,10,12,172,90
1168,42,30,10,776,936,90
1169,45,35,10,680,840,90
1170,95,30,30,2321,2481,90
1171,95,35,20,0,3242,90
1172,53,30,10,0,3276,90
1173,92,30,10,0,3244,90
1174,53,35,50,213,373,90
1175,45,65,20,0,3284,90
1176,90,35,10,2131,2291,90
1177,72,45,10,2900,3060,90
1178,78,40,20,2802,2962,90
1179,87,30,10,2608,2768,90
1180,85,25,10,2513,2673,90
1181,85,35,30,0,3252,90
1182,75,55,20,0,3264,90
1183,72,55,10,0,3267,90
1184,70,58,20,1641,1801,90
1185,86,46,30,0,3253,90
1186,66,55,10,0,3273,90
1187,64,46,20,3097,3257,90
1188,65,60,30,1546,1706,90
1189,56,64,10,0,3278,90
1190,60,55,10,0,3279,90
1191,60,60,10,0,3277,90
1192,67,85,20,694,854,90
1193,42,58,40,8,168,90
1194,65,82,10,0,3259,90
1195,62,80,30,0,3262,90
1196,62,40,10,0,3275,90
1197,60,85,30,0,3259,90
1198,58,75,20,0,3269,90
1199,55,80,10,407,567,90
1200,55,85,20,502,662,90
1201,52,75,10,0,3272,90
1202,45,70,30,0,3279,90
1203,62,69,10,0,3270,90
1204,60,66,10,1261,1421,90
1205,42,65,10,0,3284,90
1206,16,42,20,0,3274,90
1207,58,70,20,0,3273,90
1208,34,60,20,2887,3047,90
1209,28,70,10,2601,2761,90
1210,35,66,10,0,3283,90
1211,35,69,10,2698,2858,90
1212,25,85,20,0,3261,90
1213,22,75,30,2405,2565,90
1214,22,85,10,0,3260,90
1215,20,80,40,2216,2376,90
1216,20,85,40,0,3259,90
1217,18,75,20,0,3266,90
1218,15,75,20,0,3264,90
1219,15,80,10,0,3260,90
1220,30,50,10,0,3290,90
1221,30,56,20,0,3288,90
1222,28,52,20,0,3287,90
1223,14,66,10,1643,1803,90
1224,25,50,10,0,3285,90
1225,22,66,40,2504,2664,90
1226,8,62,10,0,3265,90
1227,23,52,10,0,3282,90
1228,4,55,20,0,3263,90
1229,20,50,10,0,3280,90
1230,20,55,10,0,3279,90
1231,10,35,20,0,3266,90
1232,10,40,30,0,3268,90
1233,8,40,40,0,3266,90
1234,8,45,20,0,3267,90
1235,5,35,10,0,3261,90
1236,5,45,10,0,3264,90
1237,2,40,20,0,3260,90
1238,0,40,30,1063,1223,90
1239,0,45,20,0,3259,90
1240,36,18,10,0,3267,90
1241,35,32,10,0,3281,90
1242,33,32,20,0,3280,90
1243,33,35,10,0,3283,90
1244,32,20,10,1913,2073,90
1245,30,30,10,0,3277,90
1246,34,25,30,0,3274,90
1247,30,35,10,0,3281,90
1248,36,40,10,0,3289,90
1249,48,20,10,0,3268,90
1250,26,32,10,0,3277,90
1251,25,30,10,0,3275,90
1252,25,35,10,0,3278,90
1253,44,5,20,1256,1416,90
1254,42,10,40,0,3259,90
1255,42,15,10,1065,1225,90
1256,40,5,30,0,3255,90
1257,38,15,40,0,3264,90
1258,38,5,30,1442,1602,90
1259,38,10,10,0,3259,90
1260,35,5,20,0,3254,90
1261,50,30,10,0,3277,90
1262,50,35,20,120,280,90
1263,50,40,50,0,3285,90
1264,48,30,10,0,3278,90
1265,44,25,10,0,3274,90
1266,47,35,10,0,3283,90
1267,47,40,10,12,172,90
1268,42,30,10,0,3279,90
1269,45,35,10,680,840,90
1270,95,30,30,0,3241,90
1271,95,35,20,0,3242,90
1272,53,30,10,0,3276,90
1273,92,30,10,0,3244,90
1274,53,35,50,213,373,90
1275,45,65,20,0,3284,90
1276,90,35,10,2131,2291,90
1277,72,45,10,2900,3060,90
1278,78,40,20,0,3260,90
1279,87,30,10,2608,2768,90
1280,85,25,10,0,3248,90
1281,85,35,30,0,3252,90
1282,75,55,20,0,3264,90
1283,72,55,10,0,3267,90
1284,70,58,20,1641,1801,90
1285,86,46,30,0,3253,90
1286,66,55,10,0,3273,90
1287,64,46,20,3097,3257,90
1288,65,60,30,0,3273,90
1289,56,64,10,0,3278,90
1290,60,55,10,0,3279,90
1291,60,60,10,0,3277,90
1292,67,85,20,694,854,90
1293,42,58,40,0,3291,90
1294,65,82,10,0,3259,90
1295,62,80,30,0,3262,90
1296,62,40,10,0,3275,90
1297,60,85,30,0,3259,90
1298,58,75,20,0,3269,90
1299,55,80,10,407,567,90
1300,55,85,20,502,662,90
1301,52,75,10,231,551,90
1302,45,70,30,133,453,90
1303,62,69,10,1087,1407,90
1304,60,66,10,1181,1501,90
1305,42,65,10,15,335,90
1306,16,42,20,417,737,90
1307,58,70,20,993,1313,90
1308,34,60,20,2807,3127,90
1309,28,70,10,2521,2841,90
1310,35,66,10,2711,3031,90
1311,35,69,10,2618,2938,90
1312,25,85,20,2039,2359,90
1313,22,75,30,2325,2645,90
1314,22,85,10,1946,2266,90
1315,20,80,40,2136,2456,90
1316,20,85,40,1854,2174,90
1317,18,75,20,2231,2551,90
1318,15,75,20,1662,1982,90
1319,15,80,10,1757,2077,90
1320,30,50,10,10,330,90
1321,30,56,20,2903,3223,90
1322,28,52,20,12,332,90
1323,14,66,10,1563,1883,90
1324,25,50,10,36,356,90
1325,22,66,40,2424,2744,90
1326,8,62,10,1465,1785,90
1327,23,52,10,129,449,90
1328,4,55,20,1367,1687,90
1329,20,50,10,318,638,90
1330,20,55,10,223,543,90
1331,10,35,20,701,1021,90
1332,10,40,30,513,833,90
1333,8,40,40,605,925,90
1334,8,45,20,1266,1586,90
1335,5,35,10,796,1116,90
1336,5,45,10,1173,1493,90
1337,2,40,20,891,1211,90
1338,0,40,30,983,1303,90
1339,0,45,20,1078,1398,90
1340,36,18,10,1739,2059,90
1341,35,32,10,2678,2998,90
1342,33,32,20,2586,2906,90
1343,33,35,10,2493,2813,90
1344,32,20,10,1833,2153,90
1345,30,30,10,2025,2345,90
1346,34,25,30,1929,2249,90
1347,30,35,10,2400,2720,90
1348,36,40,10,2776,3096,90
1349,48,20,10,887,1207,90
1350,26,32,10,2212,2532,90
1351,25,30,10,2120,2440,90
1352,25,35,10,2305,2625,90
1353,44,5,20,1176,1496,90
1354,42,10,40,1080,1400,90
1355,42,15,10,985,1305,90
1356,40,5,30,1270,1590,90
1357,38,15,40,1645,1965,90
1358,38,5,30,1362,1682,90
1359,38,10,10,1550,1870,90
1360,35,5,20,1455,1775,90
1361,50,30,10,321,641,90
1362,50,35,20,40,360,90
1363,50,40,50,14,334,90
1364,48,30,10,413,733,90
1365,44,25,10,791,1111,90
1366,47,35,10,508,828,90
1367,47,40,10,12,332,90
1368,42,30,10,696,1016,90
1369,45,35,10,600,920,90
1370,95,30,30,2241,2561,90
1371,95,35,20,2146,2466,90
1372,53,30,10,228,548,90
1373,92,30,10,2334,2654,90
1374,53,35,50,133,453,90
1375,45,65,20,38,358,90
1376,90,35,10,2051,2371,90
1377,72,45,10,2820,3140,90
1378,78,40,20,2722,3042,90
1379,87,30,10,2528,2848,90
1380,85,25,10,2433,2753,90
1381,85,35,30,2623,2943,90
1382,75,55,20,1845,2165,90
1383,72,55,10,1752,2072,90
1384,70,58,20,1561,1881,90
1385,86,46,30,1949,2269,90
1386,66,55,10,1656,1976,90
1387,64,46,20,2955,3275,90
1388,65,60,30,1466,1786,90
1389,56,64,10,1275,1595,90
1390,60,55,10,2959,3279,90
1391,60,60,10,1371,1691,90
1392,67,85,20,614,934,90
1393,42,58,40,8,328,90
1394,65,82,10,708,1028,90
1395,62,80,30,801,1121,90
1396,62,40,10,2921,3241,90
1397,60,85,30,517,837,90
1398,58,75,20,898,1218,90
1399,55,80,10,327,647,90
1400,55,85,20,422,742,90
1401,52,75,10,213,568,90
1402,45,70,30,22,563,90
1403,62,69,10,1030,1463,90
1404,60,66,10,1154,1527,90
1405,42,65,10,15,402,90
1406,16,42,20,331,822,90
1407,58,70,20,965,1340,90
1408,34,60,20,2653,3280,90
1409,28,70,10,2385,2976,90
1410,35,66,10,2628,3113,90
1411,35,69,10,2603,2952,90
1412,25,85,20,1985,2412,90
1413,22,75,30,2310,2659,90
1414,22,85,10,1846,2365,90
1415,20,80,40,2077,2514,90
1416,20,85,40,1763,2264,90
1417,18,75,20,2143,2638,90
1418,15,75,20,1560,2083,90
1419,15,80,10,1689,2144,90
1420,30,50,10,10,645,90
1421,30,56,20,2675,3288,90
1422,28,52,20,12,505,90
1423,14,66,10,1519,1926,90
1424,25,50,10,23,368,90
1425,22,66,40,2380,2787,90
1426,8,62,10,1330,1919,90
1427,23,52,10,93,484,90
1428,4,55,20,1268,1785,90
1429,20,50,10,168,787,90
1430,20,55,10,170,595,90
1431,10,35,20,585,1136,90
1432,10,40,30,448,897,90
1433,8,40,40,499,1030,90
1434,8,45,20,1190,1661,90
1435,5,35,10,666,1245,90
1436,5,45,10,1076,1589,90
1437,2,40,20,772,1329,90
1438,0,40,30,890,1395,90
1439,0,45,20,1036,1439,90
1440,36,18,10,1612,2185,90
1441,35,32,10,2599,3076,90
1442,33,32,20,2529,2962,90
1443,33,35,10,2463,2842,90
1444,32,20,10,1745,2240,90
1445,30,30,10,1932,2437,90
1446,34,25,30,1884,2293,90
1447,30,35,10,2348,2771,90
1448,36,40,10,2715,3156,90
1449,48,20,10,812,1281,90
1450,26,32,10,2018,2725,90
1451,25,30,10,2015,2544,90
1452,25,35,10,2201,2728,90
1453,44,5,20,1078,1593,90
1454,42,10,40,998,1481,90
1455,42,15,10,897,1392,90
1456,40,5,30,1199,1660,90
1457,38,15,40,1552,2057,90
1458,38,5,30,1263,1780,90
1459,38,10,10,1498,1921,90
1460,35,5,20,1325,1904,90
1461,50,30,10,223,738,90
1462,50,35,20,18,474,90
1463,50,40,50,14,360,90
1464,48,30,10,246,899,90
1465,44,25,10,704,1197,90
1466,47,35,10,393,942,90
1467,47,40,10,12,424,90
1468,42,30,10,641,1070,90
1469,45,35,10,534,985,90
1470,95,30,30,2119,2682,90
1471,95,35,20,2079,2532,90
1472,53,30,10,131,644,90
1473,92,30,10,2169,2818,90
1474,53,35,50,87,498,90
1475,45,65,20,15,607,90
1476,90,35,10,2002,2419,90
1477,72,45,10,2701,3258,90
1478,78,40,20,2599,3164,90
1479,87,30,10,2505,2870,90
1480,85,25,10,2369,2816,90
1481,85,35,30,2563,3002,90
1482,75,55,20,1783,2226,90
1483,72,55,10,1591,2232,90
1484,70,58,20,1513,1928,90
1485,86,46,30,1829,2388,90
1486,66,55,10,1604,2027,90
1487,64,46,20,2976,3275,90
1488,65,60,30,1338,1913,90
1489,56,64,10,1116,1753,90
1490,60,55,10,2789,3279,90
1491,60,60,10,1349,1712,90
1492,67,85,20,518,1029,90
1493,42,58,40,8,509,90
1494,65,82,10,549,1186,90
1495,62,80,30,744,1177,90
1496,62,40,10,2713,3275,90
1497,60,85,30,397,956,90
1498,58,75,20,839,1276,90
1499,55,80,10,272,701,90
1500,55,85,20,373,790,90
